===============================================================
TSPLIB test results
Generations: 250, Population: 80, p_limit: 0.03
===============================================================
Christofides algorithm | length: 287300.80000000005 / importance: -3.5777598870922005
[1, 4, 46, 47, 48, 21, 22, 30, 44, 63, 62, 61, 57, 27, 28, 26, 59, 58, 17, 60, 13, 14, 15, 19, 16, 20, 18, 11, 12, 65, 64, 67, 45, 66, 51, 35, 31, 33, 32, 37, 34, 38, 39, 8, 9, 10, 52, 43, 42, 68, 69, 71, 36, 70, 41, 40, 24, 49, 50, 23, 25, 53, 55, 7, 5, 6, 54, 3, 56, 29, 2]
Genetic algorithm | length: 290000.7, +0.9%) / importance 2.760949974731075
[29, 56, 3, 54, 6, 5, 7, 55, 53, 25, 23, 50, 49, 24, 40, 41, 70, 36, 71, 69, 68, 42, 43, 52, 10, 9, 8, 39, 38, 34, 37, 32, 33, 31, 35, 51, 66, 45, 67, 64, 65, 12, 11, 18, 20, 16, 19, 15, 14, 13, 60, 17, 58, 59, 26, 28, 27, 57, 61, 62, 63, 44, 30, 22, 21, 48, 47, 46, 4, 1, 2]
===============================================================
Total calculation time: 1.201975초
===============================================================
[-1.34418172  0.84739264  0.28060784 -0.34838565 -0.18361069  0.4812661
  0.96778851 -1.09150061 -1.49593611  0.15052682 -0.10949935  1.84275016
 -0.16977979 -0.81021159 -0.21575861  0.65736325  0.46576964  1.21832488
  0.59138549  0.63272936 -0.34579781 -1.11030997  1.07875989 -0.24886626
  0.75705632 -0.54015765 -1.48558233 -1.56362507 -0.07345721  0.91228675
  1.24210873 -0.84866505  0.72123558  1.5536917  -0.95052869 -1.25633349
  1.30713477 -1.59714242 -0.37925207  0.81640207  1.38966885 -0.09300842
 -1.44941743 -1.39426677  0.87789085  1.2665761  -0.52601844 -0.31717546
  1.03145923 -0.70010917 -0.83052165 -0.72044322 -1.12931014 -1.57005037
  1.42207739  1.64334331  0.51985706 -0.40411352 -1.45559541 -1.08948629
 -1.07099299 -0.16310219  1.6416145  -0.75777704  0.70647816  1.6444445
  0.42120915 -1.36002191  0.59521964  0.61877756  0.89679578]
